34.12003822698779
33.29759984345768
33.13913966073903
32.95664306543208
34.177610436580395
33.45378169119242
33.12922253262695
34.20795094772923
33.51289538952724
33.63613971991698
34.116110787460975
35.655222350753405
35.06880203335782
35.476542340833504
35.8103450596572
38.221271398084085
39.21016944161896
37.161451575225634
37.801882389807034
36.84301848470896
37.102128305621825
36.746467772420914
36.27915966000626
39.26167936685915
38.91990771009507
38.83789402522973
38.90942221821678
38.015264393720855
37.93916319456041
40.28599936547652
41.51160563469422
40.28123949856338
41.93529098420325
38.58567751344599
39.39418569703219
42.48289402205876
43.131157846440594
41.25060675640965
41.917047486928105
42.1868598647115
42.339429542566634
42.17673795663299
43.3112117966591
43.30664807996227
43.861989246368424
44.020542726160706
43.475388464043846
43.45301379278008
42.13062064242557
42.50357803123569
44.70881049170335
46.6693583937606
47.47569783903823
44.53136084898459
46.137994760088624
44.56246405877979
45.59721309397274
46.13180176776278
47.53961581740887
47.04813643221792
44.862087053336545
45.5496942404126
