39.31764716318739
39.725103166295156
38.356547973307336
38.17862719124111
41.47663856670736
41.962374271339655
41.41118775923401
42.213549320416305
42.95981853048213
41.42841348178551
40.473811442484255
43.24987982422605
43.8486711139595
44.6707623333215
44.44161835721982
44.40890469058777
43.526285539297795
43.62719610731237
45.617827693906634
46.70194559916977
47.228427649181974
46.51032749297866
46.658052084449245
46.2881250753643
45.440453748005794
48.90982506572872
47.955970923629124
48.898266800958446
54.05609147829653
53.400720118330575
47.756144631922304
46.88066668308504
49.40604162462753
48.445879685582646
48.797883793386674
49.088500352934666
49.60997378897635
48.641518008960844
47.689424775386335
51.07526262800088
49.93409153491618
50.52693417513208
50.24092551563234
51.17279232646782
49.942659241910505
49.334851479046826
51.86003484180523
50.4631139665861
51.35294485942576
50.67102150037662
50.98672285147258
51.305291604651416
50.527393709204475
53.28263730964718
52.932640071163554
53.585951701966096
57.95640348043905
55.470818561671095
55.16095498494665
52.928096829386455
55.63188668613478
54.643583060927334
