44.135527930742896
43.628960444154124
38.850126736054314
38.48618569252078
39.95601988334725
38.69269011417116
39.060431626745576
39.71904967661354
40.85530341016265
40.75740722558405
40.49717312385835
42.63287496867706
41.28132033269209
41.92840576253751
41.927850659829886
43.1912979519511
43.30414358193025
43.21964944313244
44.65638742684773
43.45105499957216
43.69618180738602
43.22547647880817
43.593683511012465
44.65900336518878
44.019851032218526
45.73213029904882
45.37683403119366
45.93797799383315
50.86770999039543
48.40176962964476
48.91161712050427
46.64200988181524
48.58331972007103
47.41602907951606
47.45716073392865
47.17048481070223
47.956000259771365
47.48365499020424
46.58475843138408
49.11793635591996
48.48529316052495
47.65995844092408
47.64839771466659
47.73699201706665
48.086433155011946
47.40386678537512
49.84355337602206
48.9221480695025
49.13182267385448
49.35860068595092
49.2334753827766
50.18786266370989
49.63297990066559
50.76432810522355
49.87381558077175
49.788847196114475
50.48730018376028
49.79043632858231
50.615650514488564
50.223096596075585
52.17732514698802
51.33533932716463
