45.06109269318448
45.64380832267893
44.27361346903888
43.579793455729536
47.86951315658187
47.78360034175094
47.158609361281265
47.79504366499021
48.64844932409827
47.158069805776464
45.76762797167236
49.43016331204165
49.504083189328426
50.11570900829454
49.85366132989346
49.74378981803475
49.04216409199808
48.658886901418406
51.593988665322264
52.56692399813401
52.54944712648896
51.9304166148367
52.07565887563271
51.795468459300054
50.640626136398424
54.71007656929418
53.78699298715191
53.91722831565271
59.751579192617605
58.2324566414591
52.757179905638736
51.853122159373186
55.13188078774647
53.288679404452566
53.5777886788471
53.92822077356389
54.34852430343625
53.48155306022117
52.50156218039392
56.89840753899559
54.80487033128169
55.11653605047171
54.85523273945474
55.71576420747645
54.627894088259005
53.46772000292493
57.102355952745384
55.260903176473
56.72173086386533
55.234303870475436
55.701501717499035
56.12295401396299
55.26850959557515
58.68827361508167
57.589267497332294
58.09085311585669
62.17278696912945
59.834942132359934
60.280124667281136
57.576420521664886
60.9450634352824
59.14770896070209
