34.045986688588556
33.38882254164647
32.578800201278554
33.646955210656294
34.1255642268219
33.084615249531815
33.29678820325031
34.54493099368663
33.76343970434404
33.18702513536567
34.63768341163471
34.86844287904787
34.82006429567042
35.612735714610515
35.81584739810352
38.06617126561145
38.771648819007055
37.81969685620555
37.59777080969029
36.29674294312151
36.95894305844383
36.802739596117306
36.38067747751968
38.95790550114062
39.6526636551133
39.08200161185973
38.27829243598658
37.90680059382067
37.98452565812312
40.44141395230242
41.25324969399672
41.09582227426528
41.92606016275264
38.149296964894745
39.24195391459359
42.415745805103676
42.82906575213371
40.740013569682965
42.613429286990836
42.57375277564238
41.93733740712914
41.95954737710415
43.074500134500624
43.04788429261337
43.46246556086945
44.64105042319333
43.97528178618169
42.85360632991182
41.69229865137699
42.18172615256171
44.499368432995816
46.29588695318268
48.21016401899888
45.16766701355688
45.62417615578192
43.95700046302309
45.25118435988073
45.75640134345949
47.119997357564216
47.73653412628415
45.66121712772243
44.92759821608974
