45.86886728701751
44.78562476377908
40.49970617900243
38.95539183477853
41.0466763890204
40.165342787933206
40.16460154859528
40.76555216572874
41.91520726005887
42.394852341649795
40.95770442796269
44.11194005728673
42.596839116017236
42.85864292230209
42.835313006740456
44.24698242489518
44.91602073778587
43.4860569918414
45.395030650652636
45.13278901745334
45.525147401175865
44.572598345468386
44.908219891888656
46.017947088847066
44.499990191197796
46.82644509047848
46.68302558409556
46.761163015844716
51.43507770429327
49.2115693549459
50.84089152142288
47.19460850396881
49.80770636835956
48.70477055281251
48.537553977979734
48.192701682559985
48.8904016809152
48.829677661713205
47.159331750321314
50.21395039145885
49.7240162356959
48.716617003871505
48.85530638685197
49.371195334698676
49.54868337119984
47.85911492259211
50.842493490912624
50.243181564091735
50.20787592926998
50.46671143171554
50.34695400574805
51.55484048537187
50.08973679732816
51.55497129176284
51.20656015114599
51.00433723416232
51.622753020971636
50.834241947855816
52.06600599285065
50.63327258915803
52.86686395548548
52.797642304145455
