49.339555335363876
48.18961491363426
43.94061346050521
42.32491400695773
44.5364468097029
43.5199717245935
43.45744678791144
44.065503517531155
45.338531914534805
45.79032390602384
44.200911378180436
47.45508473664182
45.9484579218197
46.19740804974657
46.06866604918395
47.41242149671371
48.108608730687166
46.733245163525645
48.60753913243052
48.201734774715774
48.70262315220471
47.650947257695975
48.158819031229974
49.02588161116938
47.66010916574052
49.932648909129874
49.77613635798852
49.81477763707139
54.55662541774764
52.38963630703942
53.88703473724301
50.17219363232574
52.807101700960416
51.55509393430647
51.52346479030415
51.16268230177773
51.8930449382096
51.7157860557674
50.10033280272212
53.11235658047645
52.671124200423115
51.61648235301756
51.846806452946545
52.33289280652542
52.38149051966498
50.664123398978525
53.6732542666871
52.99168474098285
52.95267538350376
53.20080563676916
52.9827278002053
54.278000569899135
52.6631615089349
54.36219226895714
53.993559640073755
53.78938635992101
54.19970199136311
53.48698836978328
54.847561567066755
53.209835752314504
55.31967628104158
55.28418315620025
