32.97054966384625
35.121955753986185
35.38833263599159
36.44737024666049
36.14016107924598
34.88682543652698
34.7283072130409
36.0923276387998
35.917755931828886
36.96874274307753
37.357387133052256
38.34355967604293
37.926662504137305
37.64931536603938
37.33098206910726
37.029808013638146
37.91429137976694
39.39711627749664
39.37444815143639
38.930911462703754
39.28169768670233
39.02372167262305
39.26157057961583
42.21745694862915
43.08679160865088
43.70405844233298
43.24241267712811
43.7698564036551
44.92781748399036
44.81662700118216
43.28508370120906
44.24388850571657
44.04570377229503
39.83276481965121
40.742369641701565
41.39508821854922
42.32112747357662
45.415662283025306
45.47146390572252
48.11269559279541
43.585034023185386
40.86564166656938
41.24423627953479
41.12271938922631
42.4082594087499
43.34895569261389
42.94608174679708
40.9496635897327
42.640157353684316
41.627674226419686
42.32297040409288
43.07374495462703
44.459841417953335
42.771157179905565
41.24381443894164
42.47686513773708
44.385758939245086
43.537970550548046
42.78138300904647
44.06598240518558
44.24570678827789
42.46057096674639
