39.19629260883754
39.64919610770978
38.25564590609039
37.93355268590367
41.23938089607166
41.809344426950865
41.25441802598768
42.09246050496153
42.840488996957795
41.25530415953935
40.20942437349869
42.99322825582691
43.702092856326914
44.512159490149415
44.27204584827176
44.26387532162384
43.3963044418184
43.37812797091254
45.360968598574566
46.52565678037337
47.05316031516917
46.36777983832416
46.4679119045622
46.09473955303309
45.164871100353764
48.61879087509867
47.699562921568514
48.74718180861041
53.92144851125174
53.29090035584595
47.63987584371687
46.67618680906099
49.170006144029415
48.310775915182084
48.666726933088995
48.95110482937632
49.45170308976976
48.491851804968285
47.40064573023645
50.820171450137565
49.74315016194906
50.31448011401614
50.05725741768911
51.03120835760251
49.77402443262489
49.06078147049242
51.61208917161143
50.29519420255645
51.149892720397666
50.51547869778891
50.82790105478206
51.14654715935643
50.24317420357838
53.021767468857455
52.74861591239302
53.4094633664361
57.7473305583248
55.26911015729998
54.88587285821293
52.6455667228711
55.335012354815724
54.494144275515694
