43.92731722119964
43.44796729091316
38.60068604140881
38.26404677431016
39.68062474893383
38.54907496620967
38.869811243693135
39.49387881058023
40.63135485558849
40.516074922941726
40.22853280440231
42.387215762645845
40.99823669077689
41.663061346995434
41.68256910682941
42.96860123976711
43.08870930101468
42.992336947254145
44.44918142470158
43.206992880364965
43.425947560983595
42.99863193241512
43.338586761449456
44.39375880013489
43.74727179305576
45.46995013548232
45.139091561853284
45.66221256438359
50.540483212127015
48.10789333204563
48.622007225904
46.36118607838649
48.30762542984961
47.19513190499093
47.13025657904119
46.889305141797415
47.71848382388315
47.195171377829446
46.27703843616276
48.8325672566011
48.22010335716025
47.36547976354238
47.37857916521379
47.48660288023094
47.838312082163156
47.16693518862076
49.570555368328144
48.68447604729413
48.87479155106127
49.091305572795
48.95955412181666
49.90717811385421
49.33944002684823
50.49332630246879
49.57117682483531
49.51634225119547
50.264967235246
49.528242999049205
50.33008400016525
49.94277951590597
52.01089528071292
51.15800726512897
