32.791323995926795
34.92257396489739
35.201408083803024
36.2152911554088
35.90589383573819
34.72191559318872
34.62975084503651
36.02806338018413
35.743071788267315
36.80403552690668
37.12682389306335
38.122245248688
37.72506359926677
37.46614145055777
37.1132424658562
36.86943999186391
37.71646036330962
39.12480050168726
39.08204124238577
38.686740103753664
39.10061986726801
38.82865982901837
39.08776281692663
42.01615797223506
42.87349267411072
43.44019540847993
43.103669998614166
43.654269938929446
44.706350095912924
44.70117121038763
43.081335513437885
44.01772038457525
43.78435172780598
39.66073607636213
40.57515379618308
41.276615172496925
42.18580299270158
45.28782925837125
45.24322890839155
47.86361410505382
43.484582399283276
40.646549461411404
41.02665562730744
40.86779117628804
42.171745903411065
43.11018766955633
42.675220466807076
40.694822076719866
42.452583164922636
41.420767359892714
42.13539961255516
42.86956428676032
44.19985986055731
42.5099756377425
40.99490736083927
42.26088505386174
44.16875744795245
43.29614067810458
42.551937438477744
43.837991192832355
43.918090302025476
42.299180888186235
