36.532646947909726
35.764913544343
35.6127290554163
35.208229487310355
36.41211566885124
35.88996981471933
35.56098269153376
36.534008591805836
35.909438651726525
36.01513945406752
36.467214611707014
38.02144693254718
37.3857563706478
37.804627712907525
38.2937591882539
40.70511378952483
41.60201815400502
39.46774910661231
40.25531281739723
39.244839342149916
39.44345761863704
39.11842194402338
38.67144094344165
41.6213261644788
41.258950144389665
41.24803187173564
41.26664784081381
40.448039429750956
40.34295290342416
42.616979545331176
43.92908340252898
42.62316291497372
44.2930071907451
40.92817600265596
41.82009062179247
44.94171082344783
45.58351565647612
43.64729318146673
44.28269392598145
44.5976317092697
44.7707108063055
44.60757133952913
45.584049744769736
45.707293531930006
46.1848172357767
46.43803291057581
45.822791551889175
45.78714505625001
44.529410432539365
45.00461297598017
47.0806064681088
49.00673929233407
49.87579347537847
46.96782701795703
48.60159784018258
46.94076911638015
48.05459452743263
48.5532800633401
50.071319102343246
49.44685239877137
47.24047717596748
48.0671126829789
