41.20839069360699
41.78096423418106
40.56648924016144
39.60023812422668
43.97477525807202
43.988730922350065
43.227287198677786
43.898650157922305
44.862705592006506
43.30230748357054
42.086164674890966
45.6586289752068
45.696511526653566
46.42396693566851
46.18708242189592
45.99564857032772
45.28897394537778
45.02276399651951
47.88480262797287
48.95592121864008
49.01973320254978
48.33297127090946
48.46568253039108
48.136386859566294
47.00956141054779
51.173423962433624
50.319702429933436
50.45633604034216
56.2349808493131
54.887157441540005
49.378250054479004
48.361905373737684
51.728964007519366
50.166291295354725
50.28171236834013
50.54096562643023
50.98317125911248
50.20481706425601
49.26804277993102
53.53844997393737
51.47890707730864
51.89820968992888
51.5579898183776
52.508349368108
51.49115551870069
50.366124947437754
53.89798577849156
52.07080340723623
53.6731123605273
52.206653087455656
52.586760841752074
52.95267008728704
52.131526854503015
55.54806815866716
54.52992074179984
54.96668272999113
59.03964801365425
56.737877924640976
57.176223524503904
54.49831040313958
57.80386225328071
56.23417024794689
