33.87656779595035
33.187215184953935
32.370603477298374
33.393604355836715
33.80948542607003
32.88358573382172
33.11641664735174
34.335324900570356
33.5776814311513
33.02689278221156
34.38427895280181
34.622436908245724
34.62888943005868
35.437568775914414
35.60399538762355
37.85469727551396
38.55955442834004
37.57794279827956
37.31346820367377
36.05994541454487
36.76442007755161
36.6522335679544
36.19278114792899
38.73900194499579
39.4454516406719
38.80411396394844
38.06831747809814
37.704754193424264
37.75388429266351
40.2525402639139
41.04011189128624
40.88377554995711
41.69200025034413
37.98054081727323
39.019460269794706
42.151030050274485
42.626779095111374
40.5155929387647
42.31345658630343
42.321705850394764
41.719712950718154
41.75657791628099
42.88518825062787
42.772155843955396
43.24501998699012
44.415274718206135
43.753429280861184
42.641391719721724
41.47094641451807
41.9514801927821
44.27181093080212
46.07389380345276
47.92237201184161
44.87632759026794
45.369548177150044
43.68865402094794
45.01850861438205
45.50548394124349
46.91633660934898
47.490215889345684
45.33854932527072
44.662607525412014
