35.560522194183484
37.86099341763645
38.50166460805629
38.69452048430502
38.516937469317476
38.28340113119892
37.47367018951369
38.49075376163189
38.44199856850808
39.9117150870699
40.18432074054946
41.93153148053059
40.640567117781856
40.17238372094585
39.782331621628344
39.59015904340475
41.02476485500205
41.97223586147854
42.77420634979942
41.94858099260149
42.048693987856986
41.50934658380902
41.976478772491234
45.14697910127699
45.74142320719632
46.36715899347231
46.193734655904834
46.584925383237845
47.694280597335286
47.648315327640596
45.64083786537312
46.37707909896816
46.31126550244626
42.78050987742859
43.63100252324825
44.11163731142625
45.118232070708295
48.234817943185185
48.033207455452825
51.45092151111491
46.12208246091944
43.50503896762997
43.76548858732647
43.69628818045162
45.243958872552476
45.88983106819502
45.39668405136734
44.905714727243414
45.337776561641476
44.461282590896744
44.98440245567207
45.97960341178656
47.12453048241544
46.0965191593547
44.35257840423232
45.12163538968735
46.93053037423162
46.157543873699126
45.74426427659377
46.54173594777526
47.147003830834244
45.172865091661784
