33.38740405160746
35.56953223144296
36.263099870354544
36.489189582633266
36.34886396584788
35.979088874705724
35.40646283736231
36.494446874228224
36.22947109771064
37.660356097522445
38.00352560513376
39.74330249966783
38.34993345135853
37.88317614284744
37.58915491526975
37.35845850783175
38.80050218398775
39.82090742293547
40.51113560117987
39.54476433628108
39.735428311681
39.33306798214988
39.7016482892441
42.90467252083869
43.57978370748132
44.29735854234568
44.05144145992009
44.50356152961763
45.522496444685125
45.5277563174366
43.51329107783449
44.36883476929638
44.225457549100575
40.65250999060102
41.45953366714448
42.03861096664011
42.80957038254117
46.04750203802545
46.06425028988428
49.4977714600276
44.03832696993205
41.17870943370459
41.54462361809569
41.40157433780502
42.966898392566364
43.76081633514226
43.28984012527447
42.699319972866526
43.0115355901032
42.13332597048144
42.78108746617651
43.82640033654923
44.97583523133478
43.89448515063058
42.09993645235343
42.92686802889244
44.662548657652316
43.84285307491094
43.393185661175124
44.45881762201105
45.095793321606756
42.96062791363498
