33.2426133994
32.7610865402
31.4788450711
31.0380836141
33.9259959627
32.9720607303
32.9706436155
33.7205629303
33.3030554852
32.143310737
33.3302311137
35.4167067556
35.8695032334
36.3595831606
36.0698943436
37.3595890362
35.7055402927
33.9679794248
35.6857749741
35.888752051
36.282566731
35.1708863417
34.6787803567
36.5635152721
35.760592529
37.1224868907
37.3666453447
36.2862722972
36.0160857483
38.9284591744
38.3889808927
36.9544230623
40.2260411605
39.4825622222
40.5348933297
42.245419481
42.21187745
38.2766376303
39.5107904621
40.4759617064
43.4446544135
41.3963981805
42.6351809793
42.028248855
43.1820378952
46.2518135961
44.9451293417
43.4336551223
39.6443213028
40.1717045637
41.3173079159
40.8929015748
43.4704387166
41.0991573391
44.1815678116
41.121089088
42.3147826457
42.9605953525
43.2015543578
43.6499850815
42.8339049642
